time	x					y					cin	s 				cout	
0 ns	00000000	00000000	0		UUUUUUUU	U	
0 ns	00000000	00000000	0		UUUUUUU0	U	
0 ns	00000000	00000000	0		00000000	0	
20 ns	01101011	10010100	1		00000000	0	
20 ns	01101011	10010100	1		11111110	0	
20 ns	01101011	10010100	1		11111100	0	
20 ns	01101011	10010100	1		11111000	0	
20 ns	01101011	10010100	1		11110000	0	
20 ns	01101011	10010100	1		11100000	0	
20 ns	01101011	10010100	1		11000000	0	
20 ns	01101011	10010100	1		10000000	0	
20 ns	01101011	10010100	1		00000000	0	
20 ns	01101011	10010100	1		00000000	1	
40 ns	11101110	00001000	0		00000000	1	
40 ns	11101110	00001000	0		00011000	1	
40 ns	11101110	00001000	0		00111010	1	
40 ns	11101110	00001000	0		01111110	1	
40 ns	11101110	00001000	0		11110110	1	
40 ns	11101110	00001000	0		11110110	0	
60 ns	00101001	00100101	1		11110110	0	
60 ns	00101001	00100101	1		00011101	0	
60 ns	00101001	00100101	1		01001111	0	
80 ns	11111111	00000001	1		01001111	0	
80 ns	11111111	00000001	1		10111101	0	
80 ns	11111111	00000001	1		01111001	0	
80 ns	11111111	00000001	1		11110001	1	
80 ns	11111111	00000001	1		11100001	0	
80 ns	11111111	00000001	1		11000001	0	
80 ns	11111111	00000001	1		10000001	0	
80 ns	11111111	00000001	1		00000001	0	
80 ns	11111111	00000001	1		00000001	1	
100 ns	11111111	11111111	1		00000001	1	
100 ns	11111111	11111111	1		11111111	1	
